9.841e-15
1.0253e-14
1.2527e-14
4.379e-15
2.306e-15
3.274e-15
9.166e-15
2.2035e-14
1.4044e-14
1.1911e-14
1.5902e-14
5.064e-15
2.841e-14
2.3716e-14
4.7e-15
2.255e-14
2.0816e-14
2.1326e-14
-3.124e-15
1.3952e-14
1.1887e-14
1.4075e-14
1.4517e-14
1.6658e-14
1.0531e-14
1.4683e-14
7.496e-15
-2.834e-15
1.2058e-14
2.0765e-14
2.4497e-14
1.3597e-14
3.4773e-14
1.7142e-14
3.5782e-14
2.9108e-14
2.708e-14
3.1178e-14
3.3848e-14
4.5388e-14
2.8711e-14
1.6402e-14
1.1737e-14
7.566e-15
2.4404e-14
9.473e-15
2.3053e-14
1.367e-14
-2.073e-15
1.7212e-14
1.177e-14
1.4827e-14
8.716e-15
3.3893e-14
4.217e-14
3.077e-14
1.1738e-14
1.285e-14
1.1022e-14
1.9396e-14
5.706e-15
9.033e-15
1.5717e-14
3.998e-15
5.181e-15
6.002e-15
2.3459e-14
3.4237e-14
8.334e-15
2.0179e-14
4.4737e-14
2.629e-14
2.9575e-14
3.6158e-14
2.6097e-14
3.1058e-14
2.4717e-14
3.4842e-14
3.5351e-14
3.635e-15
1.9428e-14
1.5699e-14
1.9628e-14
2.225e-14
1.8291e-14
2.0507e-14
1.6257e-14
2.5751e-14
1.8296e-14
1.5427e-14
1.4061e-14
2.3302e-14
2.1983e-14
3.4983e-14
3.684e-14
1.5658e-14
2.4424e-14
6.944e-15
1.5258e-14
2.6573e-14
1.3499e-14
2.6539e-14
4.4079e-14
2.2984e-14
6.567e-15
2.3647e-14
2.0973e-14
8.629e-15
4.48e-16
1.2427e-14
9.135e-15
1.0634e-14
1.6383e-14
3.3081e-14
3.5638e-14
3.1583e-14
3.0318e-14
4.0292e-14
3.7423e-14
4.1201e-14
1.9382e-14
3.0269e-14
1.5144e-14
2.8618e-14
2.8354e-14
4.0824e-14
2.8936e-14
2.3492e-14
2.2611e-14
3.0689e-14
2.4909e-14
2.6448e-14
1.6184e-14
1.2261e-14
2.1438e-14
2.9044e-14
2.7545e-14
3.3232e-14
3.3847e-14
2.3935e-14
3.4142e-14
2.5487e-14
8.222e-15
1.9378e-14
3.1454e-14
2.7671e-14
2.4458e-14
1.7583e-14
2.4676e-14
2.1938e-14
2.3909e-14
8.987e-15
1.6444e-14
2.5363e-14
2.1981e-14
4.1586e-14
2.3575e-14
8.12e-16
9.839e-15
2.5602e-14
2.1627e-14
3.3578e-14
3.569e-14
3.0691e-14
3.8131e-14
2.6539e-14
2.0957e-14
1.401e-14
8.697e-15
1.8942e-14
1.3307e-14
1.2443e-14
1.2012e-14
2.3744e-14
3.6203e-14
3.4844e-14
5.984e-15
2.7365e-14
2.4427e-14
4.0082e-14
2.7593e-14
3.5511e-14
3.4347e-14
1.873e-14
-3.748e-15
-6.861e-15
1.7994e-14
3.2406e-14
3.4505e-14
2.3459e-14
2.4682e-14
3.2048e-14
2.136e-14
3.0529e-14
4.1933e-14
2.6106e-14
4.2463e-14
3.0722e-14
4.7476e-14
4.6151e-14
4.2237e-14
3.8859e-14
4.9557e-14
1.1743e-14
5.621e-15
2.4285e-14
-8.26e-16
1.7628e-14
2.1598e-14
2.1359e-14
3.0116e-14
1.046e-14
3.0747e-14
2.9119e-14
3.7149e-14
1.7551e-14
2.6671e-14
3.2253e-14
3.0777e-14
3.4669e-14
3.459e-14
4.4919e-14
4.1113e-14
3.7348e-14
4.3033e-14
3.5273e-14
4.0262e-14
2.7439e-14
3.9592e-14
3.5739e-14
2.6474e-14
2.8465e-14
2.9935e-14
3.0417e-14
2.6702e-14
3.5349e-14
4.0348e-14
5.1393e-14
5.125e-14
4.8753e-14
3.7123e-14
3.3402e-14
6.0756e-14
5.5773e-14
6.4589e-14
5.4874e-14
2.6425e-14
1.7123e-14
2.6757e-14
2.1354e-14
2.6727e-14
2.2762e-14
4.2051e-14
4.1977e-14
1.491e-14
4.5412e-14
3.5178e-14
2.4977e-14
2.0184e-14
2.3129e-14
3.6812e-14
4.5046e-14
1.9518e-14
2.5779e-14
2.4458e-14
2.1277e-14
3.0818e-14
4.6437e-14
5.4156e-14
3.8742e-14
4.8537e-14
1.2594e-14
1.2738e-14
2.7006e-14
3.9985e-14
3.2826e-14
5.3072e-14
5.2012e-14
6.1158e-14
6.4248e-14
4.9224e-14
2.7533e-14
1.0833e-14
3.7685e-14
3.5674e-14
2.6889e-14
3.849e-14
3.5584e-14
4.5466e-14
4.4242e-14
4.2161e-14
4.3749e-14
4.9955e-14
4.9319e-14
4.3548e-14
5.9252e-14
6.4052e-14
3.4378e-14
2.726e-14
5.7614e-14
5.1515e-14
4.5098e-14
4.3618e-14
4.7089e-14
5.7439e-14
3.2771e-14
2.3684e-14
1.9776e-14
2.6154e-14
4.5319e-14
5.9217e-14
5.0423e-14
3.97e-14
3.6956e-14
7.0944e-14
6.1637e-14
6.1641e-14
5.4329e-14
5.4355e-14
4.4635e-14
5.6653e-14
5.5965e-14
3.176e-14
4.4967e-14
6.0782e-14
4.5925e-14
4.7439e-14
5.3547e-14
1.7287e-14
1.5609e-14
2.0961e-14
4.5446e-14
5.1324e-14
6.6743e-14
5.7164e-14
6.4842e-14
4.3902e-14
4.5332e-14
4.7311e-14
4.0059e-14
5.1263e-14
5.0016e-14
1.2915e-14
1.8728e-14
1.7814e-14
3.5614e-14
2.7619e-14
3.7947e-14
3.6109e-14
5.9419e-14
6.0564e-14
6.3026e-14
5.8553e-14
5.5541e-14
7.063e-14
6.6627e-14
6.5195e-14
5.1052e-14
4.1513e-14
4.4898e-14
5.1183e-14
3.2392e-14
3.2614e-14
6.3696e-14
5.4861e-14
3.7748e-14
4.3629e-14
5.3371e-14
6.2377e-14
6.653e-14
6.3579e-14
7.3766e-14
3.9554e-14
2.8426e-14
4.9947e-14
3.581e-14
6.2493e-14
3.5084e-14
2.5573e-14
4.9194e-14
3.4161e-14
4.2508e-14
5.623e-15
2.0599e-14
3.9721e-14
5.4894e-14
5.7067e-14
4.1515e-14
6.7245e-14
4.9221e-14
5.7851e-14
6.1247e-14
6.4879e-14
6.3139e-14
6.0105e-14
4.548e-14
4.5892e-14
6.3684e-14
5.6742e-14
5.8861e-14
2.4266e-14
3.2608e-14
4.182e-14
5.0528e-14
3.7232e-14
5.9072e-14
6.3972e-14
5.8419e-14
4.2244e-14
3.8176e-14
6.2323e-14
6.795e-14
7.5445e-14
7.1341e-14
6.1087e-14
6.1475e-14
5.6872e-14
6.6473e-14
6.1567e-14
5.7754e-14
7.2044e-14
6.2801e-14
7.0836e-14
6.6736e-14
4.8485e-14
3.4298e-14
4.4878e-14
5.3521e-14
6.2063e-14
5.7703e-14
4.6563e-14
1.7061e-14
5.4159e-14
5.9185e-14
3.8176e-14
3.9496e-14
5.9887e-14
5.1154e-14
6.2712e-14
4.0018e-14
4.6144e-14
4.7323e-14
3.2508e-14
4.7287e-14
6.71e-14
3.7281e-14
2.4392e-14
5.1444e-14
5.2736e-14
6.8439e-14
7.1215e-14
5.939e-14
6.3936e-14
6.2136e-14
7.2817e-14
7.3458e-14
7.3927e-14
6.0051e-14
6.8765e-14
6.9732e-14
6.7783e-14
5.2203e-14
3.1689e-14
4.3864e-14
4.1426e-14
3.3906e-14
6.3997e-14
6.1887e-14
6.624e-14
5.2579e-14
8.1689e-14
7.4307e-14
5.0746e-14
6.2624e-14
4.4758e-14
6.9048e-14
6.9896e-14
5.3382e-14
4.5707e-14
5.0345e-14
5.4706e-14
6.3709e-14
5.5689e-14
6.9025e-14
4.6384e-14
4.6455e-14
6.5998e-14
6.5516e-14
4.7902e-14
6.2666e-14
6.1781e-14
6.3492e-14
5.8217e-14
7.0338e-14
6.1132e-14
7.625e-14
5.9422e-14
6.4188e-14
6.4066e-14
5.9847e-14
6.7141e-14
6.0675e-14
5.3573e-14
5.5388e-14
4.8629e-14
5.8373e-14
6.5357e-14
7.4389e-14
6.9579e-14
5.4446e-14
8.4091e-14
7.353e-14
7.6702e-14
4.3282e-14
3.1505e-14
4.3135e-14
6.0088e-14
5.2895e-14
4.4793e-14
4.6884e-14
6.6108e-14
8.4964e-14
5.5852e-14
7.4687e-14
7.392e-14
6.683e-14
5.9913e-14
5.994e-14
5.8409e-14
9.2804e-14
7.3558e-14
7.3975e-14
8.0172e-14
6.0724e-14
6.4713e-14
8.0004e-14
7.1887e-14
5.8998e-14
7.2117e-14
7.0143e-14
5.7404e-14
7.5289e-14
7.4611e-14
6.7288e-14
7.4254e-14
8.1591e-14
6.9101e-14
1.09699e-13
6.7547e-14
6.3294e-14
6.9257e-14
6.526e-14
6.8846e-14
7.2934e-14
5.362e-14
6.1858e-14
6.4298e-14
6.3926e-14
8.126e-14
6.5351e-14
8.2198e-14
6.7465e-14
7.0546e-14
7.8215e-14
8.6466e-14
7.4076e-14
8.4164e-14
7.5015e-14
7.3604e-14
6.263e-14
6.9892e-14
8.703e-14
7.862e-14
6.5013e-14
8.1833e-14
6.3655e-14
7.4577e-14
6.3818e-14
8.1155e-14
7.1585e-14
6.2311e-14
7.3467e-14
6.7344e-14
6.1384e-14
7.0179e-14
8.4945e-14
8.42e-14
7.2187e-14
8.4391e-14
9.8673e-14
7.1136e-14
8.0131e-14
6.9173e-14
6.5648e-14
8.0361e-14
7.2127e-14
8.2019e-14
7.433e-14
9.4202e-14
7.0596e-14
7.1876e-14
5.3566e-14
7.4489e-14
8.7845e-14
8.3548e-14
8.1573e-14
9.3593e-14
9.9685e-14
8.9252e-14
8.4117e-14
9.002e-14
8.2994e-14
7.1752e-14
7.0922e-14
6.3924e-14
6.5782e-14
7.8023e-14
7.8026e-14
8.5799e-14
7.8854e-14
7.1551e-14
7.8684e-14
7.0277e-14
6.0077e-14
7.7286e-14
8.1281e-14
9.0501e-14
1.0098e-13
8.0226e-14
8.2884e-14
7.4677e-14
7.1056e-14
6.6633e-14
8.3148e-14
7.416e-14
7.4794e-14
9.0592e-14
8.8303e-14
6.1854e-14
6.9151e-14
7.4999e-14
7.1279e-14
6.607e-14
7.5252e-14
7.205e-14
7.7195e-14
6.8679e-14
8.633e-14
8.9974e-14
9.0925e-14
9.0985e-14
6.8034e-14
7.6591e-14
8.2781e-14
8.4737e-14
6.4741e-14
6.9436e-14
7.8972e-14
7.6573e-14
7.9417e-14
8.6364e-14
6.842e-14
7.6353e-14
7.8545e-14
9.5063e-14
7.6364e-14
7.9965e-14
8.3248e-14
7.8162e-14
1.10434e-13
1.023e-13
7.2447e-14
7.9444e-14
7.3977e-14
8.1773e-14
9.2837e-14
8.9236e-14
8.95e-14
8.2392e-14
7.5457e-14
6.6985e-14
6.5295e-14
8.0471e-14
8.318e-14
9.107e-14
9.8832e-14
8.5691e-14
1.06984e-13
1.10211e-13
9.6747e-14
7.7544e-14
8.3214e-14
7.669e-14
8.3168e-14
8.6578e-14
1.05196e-13
7.5472e-14
7.7216e-14
8.0111e-14
8.9628e-14
9.1499e-14
9.5227e-14
8.5394e-14
1.0757e-13
1.08664e-13
9.0105e-14
7.8898e-14
8.4796e-14
8.8723e-14
1.00051e-13
9.5631e-14
1.06989e-13
1.02056e-13
9.7044e-14
1.03605e-13
6.6563e-14
9.9933e-14
8.878e-14
9.4245e-14
8.2167e-14
8.914e-14
8.8017e-14
9.1371e-14
1.11897e-13
1.16676e-13
1.0979e-13
1.03329e-13
1.1345e-13
9.0241e-14
1.12862e-13
1.10194e-13
1.19089e-13
1.2064e-13
1.30326e-13
1.23427e-13
1.11005e-13
1.00553e-13
1.13975e-13
1.05528e-13
1.06703e-13
1.18457e-13
1.06951e-13
9.7389e-14
1.13968e-13
1.01857e-13
1.01888e-13
9.9822e-14
1.21869e-13
1.15455e-13
1.22971e-13
1.27409e-13
1.32144e-13
1.22747e-13
1.04697e-13
1.01498e-13
1.15628e-13
1.09871e-13
1.21604e-13
1.29001e-13
1.25341e-13
1.2547e-13
8.8399e-14
1.12106e-13
1.10312e-13
1.00689e-13
1.13866e-13
1.13892e-13
1.36746e-13
1.25975e-13
1.12564e-13
1.03446e-13
1.1141e-13
1.24796e-13
1.17609e-13
1.14974e-13
1.3531e-13
1.43072e-13
1.23001e-13
1.2331e-13
1.24521e-13
1.11553e-13
1.31065e-13
1.31619e-13
1.29679e-13
1.34361e-13
1.34823e-13
1.19497e-13
1.14731e-13
1.35595e-13
1.38691e-13
1.21745e-13
9.7369e-14
9.8494e-14
1.01417e-13
1.24212e-13
1.16898e-13
9.3412e-14
1.02759e-13
1.18021e-13
1.1504e-13
1.3662e-13
1.15521e-13
1.24109e-13
1.1668e-13
1.36783e-13
1.20141e-13
1.28498e-13
1.31679e-13
1.24943e-13
1.09298e-13
1.17666e-13
1.25126e-13
9.5672e-14
1.04039e-13
9.5556e-14
1.13468e-13
1.26739e-13
1.0335e-13
8.1365e-14
9.0108e-14
1.1902e-13
1.26421e-13
1.19911e-13
1.40095e-13
1.43328e-13
1.36293e-13
1.40399e-13
1.43896e-13
1.14888e-13
1.29146e-13
1.36343e-13
1.22259e-13
1.06022e-13
1.21688e-13
1.17855e-13
1.22989e-13
1.37781e-13
1.24132e-13
1.18013e-13
1.04079e-13
1.0692e-13
1.19943e-13
1.25753e-13
1.38988e-13
1.19005e-13
1.35978e-13
1.22531e-13
1.21956e-13
1.19914e-13
1.22019e-13
1.41572e-13
1.0097e-13
1.15892e-13
1.31253e-13
1.14461e-13
1.23306e-13
1.28643e-13
1.29607e-13
1.13036e-13
1.11732e-13
1.32956e-13
1.31462e-13
1.19727e-13
1.12626e-13
1.08431e-13
1.19304e-13
1.39702e-13
1.49564e-13
1.2989e-13
1.31245e-13
1.47261e-13
1.2796e-13
1.25863e-13
1.17468e-13
1.20216e-13
1.1426e-13
1.22785e-13
1.20337e-13
1.25969e-13
1.144e-13
1.24429e-13
1.31261e-13
1.13655e-13
1.17551e-13
1.12168e-13
1.17174e-13
1.38311e-13
1.25365e-13
1.31048e-13
1.29213e-13
1.42349e-13
1.35252e-13
1.38296e-13
1.21706e-13
1.28296e-13
1.6271e-13
1.51321e-13
1.40129e-13
1.42075e-13
1.32051e-13
1.50481e-13
1.57914e-13
1.46425e-13
1.35083e-13
1.26086e-13
1.36151e-13
1.57187e-13
1.40748e-13
1.44489e-13
1.45001e-13
1.56602e-13
1.46556e-13
1.44546e-13
1.52862e-13
1.56825e-13
1.51219e-13
1.5087e-13
1.50201e-13
1.46105e-13
1.46742e-13
1.38583e-13
1.47092e-13
1.35625e-13
1.38047e-13
1.51533e-13
1.41932e-13
1.51521e-13
1.42196e-13
1.52048e-13
1.57402e-13
1.49043e-13
1.44783e-13
1.42079e-13
1.63579e-13
1.6996e-13
1.59214e-13
1.67046e-13
1.50557e-13
1.5244e-13
1.44963e-13
1.46651e-13
1.35216e-13
1.29618e-13
1.35088e-13
1.44845e-13
1.46001e-13
1.62402e-13
1.31773e-13
1.508e-13
1.54919e-13
1.53144e-13
1.74602e-13
1.69236e-13
1.72322e-13
1.57471e-13
1.75833e-13
1.6167e-13
1.63341e-13
1.82472e-13
1.79438e-13
1.60188e-13
1.65998e-13
1.67507e-13
1.66349e-13
1.56783e-13
1.61986e-13
1.72446e-13
1.47455e-13
1.53336e-13
1.53347e-13
1.67006e-13
1.46519e-13
1.69996e-13
1.56638e-13
1.656e-13
1.5904e-13
1.74139e-13
1.60008e-13
1.6598e-13
1.64762e-13
1.66703e-13
1.64041e-13
1.61019e-13
1.64604e-13
1.61918e-13
1.60755e-13
1.69511e-13
1.43767e-13
1.67228e-13
1.68373e-13
1.77358e-13
1.77603e-13
1.54331e-13
1.35459e-13
1.36761e-13
1.42336e-13
1.62274e-13
1.65156e-13
1.78343e-13
1.76446e-13
1.43211e-13
1.48387e-13
1.32442e-13
1.53329e-13
1.58005e-13
1.62672e-13
1.69952e-13
1.7907e-13
1.83038e-13
1.84544e-13
1.84591e-13
1.85117e-13
1.75892e-13
1.86254e-13
1.66889e-13
1.5983e-13
1.6506e-13
1.82625e-13
1.67932e-13
1.77811e-13
1.64577e-13
1.81671e-13
1.78535e-13
1.59469e-13
1.71409e-13
1.62217e-13
1.70552e-13
1.69191e-13
1.64474e-13
1.50436e-13
1.62249e-13
1.65788e-13
1.53064e-13
1.79095e-13
1.73253e-13
1.6203e-13
1.63671e-13
1.56635e-13
1.69854e-13
1.81869e-13
1.7353e-13
1.45706e-13
1.5923e-13
1.64149e-13
1.72186e-13
1.74698e-13
1.39055e-13
1.38722e-13
1.66741e-13
1.78733e-13
1.76869e-13
1.8841e-13
1.95697e-13
2.03799e-13
1.92329e-13
1.8568e-13
1.85778e-13
1.55141e-13
1.59712e-13
1.75993e-13
1.7835e-13
1.93915e-13
1.89419e-13
1.7564e-13
1.92925e-13
1.72975e-13
1.86789e-13
1.77088e-13
1.79157e-13
1.89238e-13
1.99191e-13
1.87183e-13
2.04096e-13
1.56716e-13
1.48161e-13
1.75238e-13
1.84484e-13
1.97973e-13
1.89115e-13
1.89723e-13
1.84013e-13
1.61755e-13
1.73056e-13
1.605e-13
1.79155e-13
1.80681e-13
1.89837e-13
1.74068e-13
1.73749e-13
1.80092e-13
1.89181e-13
1.97728e-13
1.88402e-13
1.93431e-13
1.8636e-13
1.83935e-13
1.9781e-13
1.96816e-13
1.91682e-13
1.77727e-13
1.68307e-13
1.83728e-13
1.78103e-13
2.05453e-13
1.78336e-13
1.81761e-13
1.96996e-13
1.90748e-13
1.79278e-13
1.80032e-13
1.99595e-13
1.98786e-13
2.02632e-13
1.77667e-13
1.91261e-13
1.89275e-13
1.92198e-13
1.68896e-13
1.75868e-13
1.85914e-13
1.78513e-13
1.85079e-13
1.70682e-13
1.90432e-13
1.91695e-13
1.77335e-13
1.77935e-13
1.84062e-13
1.91143e-13
1.95795e-13
1.86948e-13
1.8654e-13
1.81608e-13
2.01421e-13
1.86088e-13
2.04265e-13
1.98226e-13
1.9449e-13
1.97226e-13
1.95719e-13
1.82906e-13
1.77981e-13
1.89654e-13
1.72687e-13
1.73965e-13
1.90145e-13
1.89482e-13
1.68095e-13
1.95764e-13
2.15714e-13
2.14099e-13
1.96573e-13
1.91406e-13
1.88883e-13
1.96201e-13
1.98523e-13
1.72627e-13
2.02541e-13
1.91934e-13
1.92071e-13
1.92144e-13
1.88859e-13
2.0174e-13
1.8193e-13
1.81124e-13
2.03125e-13
1.90339e-13
1.87478e-13
1.955e-13
1.9815e-13
1.76927e-13
1.83296e-13
1.9498e-13
2.05802e-13
1.88839e-13
1.85064e-13
2.04372e-13
1.9267e-13
1.96062e-13
1.92788e-13
1.87481e-13
1.79316e-13
1.83502e-13
1.90397e-13
1.94343e-13
1.94751e-13
1.84355e-13
1.97679e-13
2.13109e-13
2.0036e-13
2.06454e-13
1.89704e-13
1.93846e-13
1.94292e-13
2.07874e-13
2.02626e-13
1.92702e-13
2.08255e-13
2.07145e-13
2.07942e-13
1.97841e-13
1.95518e-13
1.79713e-13
1.89755e-13
1.80701e-13
1.97349e-13
1.9637e-13
1.86895e-13
2.04346e-13
2.12057e-13
2.06063e-13
2.06044e-13
2.12753e-13
1.91192e-13
1.70571e-13
1.71268e-13
1.79151e-13
1.92706e-13
2.03573e-13
2.08761e-13
2.13832e-13
1.72193e-13
1.81533e-13
2.08566e-13
1.97785e-13
2.24802e-13
2.13683e-13
2.05347e-13
2.27159e-13
2.19621e-13
1.87389e-13
1.9399e-13
2.0504e-13
1.99681e-13
2.07058e-13
1.89185e-13
2.12542e-13
2.05539e-13
1.99605e-13
1.83627e-13
1.8816e-13
1.9318e-13
2.10987e-13
2.00417e-13
2.12157e-13
2.15333e-13
2.14558e-13
2.05834e-13
2.11495e-13
2.16393e-13
2.30811e-13
2.15076e-13
2.16542e-13
2.17347e-13
2.16629e-13
2.0876e-13
2.17751e-13
1.91869e-13
2.08154e-13
2.17027e-13
2.07471e-13
2.16483e-13
2.1814e-13
2.0232e-13
2.08192e-13
2.10317e-13
2.22831e-13
2.20856e-13
2.14783e-13
2.1769e-13
2.14865e-13
2.18756e-13
2.15266e-13
2.30629e-13
2.19093e-13
2.27433e-13
2.18397e-13
2.08738e-13
2.17608e-13
2.19013e-13
2.0691e-13
2.18259e-13
2.1331e-13
2.27303e-13
2.2598e-13
2.27137e-13
2.07378e-13
2.17208e-13
2.26447e-13
2.09036e-13
2.19723e-13
2.12078e-13
2.17796e-13
2.20547e-13
2.12869e-13
2.09923e-13
2.11925e-13
2.20529e-13
2.21203e-13
2.30242e-13
2.06137e-13
2.09154e-13
1.97272e-13
2.09775e-13
2.06006e-13
2.22476e-13
2.2117e-13
2.16493e-13
2.19439e-13
2.34619e-13
2.34349e-13
2.25026e-13
2.18297e-13
2.33691e-13
2.29004e-13
2.27453e-13
2.3737e-13
1.99012e-13
2.17556e-13
2.08145e-13
2.23203e-13
2.11269e-13
2.06108e-13
2.20817e-13
2.19858e-13
2.10011e-13
2.15699e-13
2.39624e-13
2.36002e-13
2.23227e-13
2.25896e-13
2.19712e-13
2.33622e-13
2.2801e-13
2.22073e-13
2.15302e-13
1.96531e-13
2.07078e-13
2.08741e-13
2.09077e-13
1.95982e-13
1.95052e-13
2.07835e-13
2.21886e-13
2.23891e-13
2.38375e-13
1.97137e-13
1.98814e-13
2.21093e-13
2.26985e-13
2.40893e-13
2.22981e-13
2.06109e-13
2.15694e-13
2.16658e-13
2.33505e-13
2.01644e-13
1.83532e-13
2.10714e-13
2.11325e-13
2.14252e-13
2.23958e-13
2.38271e-13
2.40359e-13
2.383e-13
2.21144e-13
2.22832e-13
2.22335e-13
2.32241e-13
2.2942e-13
2.07112e-13
2.12697e-13
2.12621e-13
2.28531e-13
2.27634e-13
2.32281e-13
2.3047e-13
2.28049e-13
2.23683e-13
2.31015e-13
2.30427e-13
2.09993e-13
2.28169e-13
2.2358e-13
2.40099e-13
2.23513e-13
2.28998e-13
2.37907e-13
2.31617e-13
2.38727e-13
2.29898e-13
2.28506e-13
2.26689e-13
2.07974e-13
2.13225e-13
2.29304e-13
2.21182e-13
2.07838e-13
2.14516e-13
2.31805e-13
2.11395e-13
2.22255e-13
2.08421e-13
2.23855e-13
2.1749e-13
2.1789e-13
2.41087e-13
2.32438e-13
2.15282e-13
2.34427e-13
2.15235e-13
2.24888e-13
2.22298e-13
2.21056e-13
2.37749e-13
2.26175e-13
2.25477e-13
2.23717e-13
2.29915e-13
2.09117e-13
2.41651e-13
2.27319e-13
2.41167e-13
2.39276e-13
2.36973e-13
2.43883e-13
2.37934e-13
2.44798e-13
2.51282e-13
2.45348e-13
2.57153e-13
2.42071e-13
2.30866e-13
2.20252e-13
2.29194e-13
2.37242e-13
2.44141e-13
2.49032e-13
2.54402e-13
2.40056e-13
2.40213e-13
2.23864e-13
2.4266e-13
2.2797e-13
2.50129e-13
2.53488e-13
2.48392e-13
2.54434e-13
2.73258e-13
2.59502e-13
2.5216e-13
2.29022e-13
2.43368e-13
2.44519e-13
2.45147e-13
2.35245e-13
2.38453e-13
2.44549e-13
2.35532e-13
2.37096e-13
2.31387e-13
2.25124e-13
2.33283e-13
2.42854e-13
2.39165e-13
2.2915e-13
2.55747e-13
2.38972e-13
2.51854e-13
2.48396e-13
2.49898e-13
2.48937e-13
2.23975e-13
2.39772e-13
2.42976e-13
2.41679e-13
2.4951e-13
2.40118e-13
2.49626e-13
2.46711e-13
2.46215e-13
2.48513e-13
2.33424e-13
2.50067e-13
2.53861e-13
2.5639e-13
2.53537e-13
2.6848e-13
2.65804e-13
2.35505e-13
2.35359e-13
2.53144e-13
2.39879e-13
2.31338e-13
2.20855e-13
2.45709e-13
2.43466e-13
2.31392e-13
2.29042e-13
2.32098e-13
2.40701e-13
2.3808e-13
2.38665e-13
2.5242e-13
2.44629e-13
2.32471e-13
2.48807e-13
2.49835e-13
2.66075e-13
2.43186e-13
2.42205e-13
2.5693e-13
2.53868e-13
2.28619e-13
2.1661e-13
2.3085e-13
2.40147e-13
2.14877e-13
2.37125e-13
2.30592e-13
2.36715e-13
2.41128e-13
2.29354e-13
2.36258e-13
2.38962e-13
2.59579e-13
2.31786e-13
2.41972e-13
2.47016e-13
2.42416e-13
2.50554e-13
2.57033e-13
2.455e-13
2.36108e-13
2.37152e-13
2.64297e-13
2.36159e-13
2.31721e-13
2.54862e-13
2.68442e-13
2.49703e-13
2.5637e-13
2.52061e-13
2.61244e-13
2.54519e-13
2.50924e-13
2.43039e-13
2.44163e-13
2.58454e-13
2.52613e-13
2.57431e-13
2.51946e-13
2.59883e-13
2.54567e-13
2.41814e-13
2.58345e-13
2.47085e-13
2.46473e-13
2.46182e-13
2.40094e-13
2.29722e-13
2.47525e-13
2.40793e-13
2.56771e-13
2.65678e-13
2.50109e-13
2.5761e-13
2.65032e-13
2.57242e-13
2.64647e-13
2.58273e-13
2.58169e-13
2.55392e-13
2.53356e-13
2.61843e-13
2.65745e-13
2.45431e-13
2.58349e-13
2.58476e-13
2.61785e-13
2.38066e-13
2.28709e-13
2.53026e-13
2.46341e-13
2.36501e-13
2.33255e-13
2.40015e-13
2.50007e-13
2.52113e-13
2.51587e-13
2.5398e-13
2.50698e-13
2.59771e-13
2.33913e-13
2.5582e-13
2.5303e-13
2.67449e-13
2.62154e-13
2.72058e-13
2.78415e-13
2.96319e-13
2.61765e-13
2.69002e-13
2.68181e-13
2.71682e-13
2.49385e-13
2.6885e-13
2.64254e-13
2.69314e-13
2.76705e-13
2.66572e-13
2.7742e-13
2.74047e-13
2.66708e-13
2.80147e-13
2.72109e-13
2.84184e-13
2.73825e-13
2.74897e-13
2.83896e-13
2.72017e-13
2.6408e-13
2.82405e-13
2.41127e-13
2.72052e-13
2.77717e-13
2.58922e-13
2.67626e-13
2.57945e-13
2.52765e-13
2.7841e-13
2.60475e-13
2.9582e-13
2.56445e-13
2.80391e-13
2.82265e-13
2.65441e-13
2.75302e-13
2.63408e-13
2.57446e-13
2.63159e-13
2.73165e-13
2.70741e-13
2.89218e-13
2.85016e-13
2.72129e-13
2.77299e-13
2.44615e-13
2.6046e-13
2.89153e-13
2.74884e-13
2.99209e-13
3.09388e-13
2.68364e-13
2.64243e-13
2.63446e-13
2.81302e-13
2.83359e-13
2.84591e-13
3.03908e-13
2.83863e-13
2.80614e-13
2.51532e-13
2.63546e-13
2.91979e-13
2.59758e-13
2.74418e-13
2.76501e-13
2.85214e-13
2.88932e-13
2.95236e-13
2.74918e-13
2.77352e-13
2.9377e-13
2.87526e-13
3.05584e-13
2.91865e-13
3.06996e-13
3.05792e-13
2.92375e-13
2.53784e-13
2.75296e-13
2.86814e-13
2.81546e-13
2.831e-13
2.89154e-13
3.00844e-13
2.89049e-13
3.077e-13
2.77304e-13
2.92506e-13
3.02561e-13
2.81002e-13
2.75495e-13
2.92549e-13
2.90828e-13
2.75997e-13
2.95288e-13
2.84756e-13
2.89395e-13
2.90314e-13
3.04331e-13
2.88788e-13
2.91095e-13
3.08474e-13
3.0679e-13
3.06265e-13
3.09451e-13
2.89632e-13
2.94889e-13
3.00391e-13
2.88321e-13
3.01894e-13
2.96557e-13
2.87797e-13
2.99467e-13
2.87581e-13
3.06735e-13
2.97116e-13
2.85311e-13
2.51068e-13
2.61638e-13
2.6478e-13
2.78629e-13
2.82165e-13
2.85101e-13
3.08525e-13
3.14551e-13
3.04636e-13
2.81191e-13
2.80823e-13
2.76565e-13
2.74733e-13
2.86964e-13
2.91473e-13
2.73672e-13
2.81987e-13
2.99499e-13
2.8383e-13
2.62278e-13
2.6352e-13
2.78587e-13
2.92198e-13
2.82966e-13
2.65426e-13
2.75851e-13
2.91286e-13
2.94442e-13
3.03111e-13
2.93434e-13
2.84187e-13
2.79498e-13
2.6408e-13
2.83265e-13
2.81636e-13
2.90602e-13
2.71777e-13
2.93147e-13
2.9235e-13
2.94303e-13
3.13493e-13
3.18267e-13
3.10885e-13
3.13883e-13
3.15099e-13
3.0352e-13
2.87405e-13
3.00504e-13
2.77731e-13
2.99462e-13
2.95764e-13
2.74611e-13
2.77403e-13
2.91943e-13
2.92526e-13
2.9301e-13
3.02243e-13
2.95324e-13
2.86899e-13
2.81583e-13
2.97764e-13
2.86213e-13
3.01963e-13
3.05525e-13
3.05643e-13
2.8364e-13
3.05272e-13
3.02033e-13
2.96268e-13
3.06529e-13
2.89141e-13
2.77429e-13
2.71586e-13
2.88608e-13
2.96008e-13
2.94772e-13
2.81599e-13
3.03665e-13
3.17927e-13
2.86361e-13
3.08536e-13
2.98587e-13
3.07652e-13
3.09649e-13
3.01234e-13
2.93072e-13
2.95757e-13
2.98897e-13
2.90337e-13
2.92407e-13
3.02659e-13
2.94973e-13
2.68805e-13
2.9144e-13
2.8148e-13
2.83338e-13
2.90151e-13
2.86626e-13
2.89899e-13
3.19538e-13
3.22724e-13
3.01886e-13
2.90993e-13
2.92288e-13
3.05951e-13
3.05542e-13
3.01987e-13
3.05439e-13
2.60926e-13
2.51188e-13
2.73633e-13
2.92794e-13
2.89037e-13
2.96402e-13
2.96916e-13
2.97692e-13
3.1838e-13
3.30633e-13
3.13126e-13
3.18314e-13
3.1585e-13
3.17084e-13
2.89986e-13
2.78546e-13
2.99679e-13
3.05998e-13
3.07506e-13
3.19267e-13
3.06121e-13
2.85316e-13
2.94116e-13
3.08582e-13
3.04699e-13
3.14027e-13
3.13667e-13
2.98973e-13
2.94049e-13
3.06227e-13
3.02434e-13
3.25704e-13
3.2159e-13
3.30539e-13
3.32131e-13
3.29966e-13
3.23963e-13
3.30587e-13
3.3104e-13
3.05961e-13
2.92889e-13
3.12696e-13
3.18814e-13
3.09676e-13
3.16881e-13
3.11529e-13
3.08973e-13
2.97302e-13
3.23223e-13
3.16912e-13
3.18206e-13
3.22967e-13
3.42885e-13
3.46183e-13
3.09876e-13
3.04939e-13
2.99316e-13
3.2156e-13
3.22743e-13
3.25586e-13
3.35256e-13
2.93222e-13
2.86071e-13
2.94325e-13
2.99974e-13
3.08972e-13
2.96098e-13
3.14904e-13
3.23086e-13
3.374e-13
3.41989e-13
3.45094e-13
3.41256e-13
3.18496e-13
3.22369e-13
3.19156e-13
2.94734e-13
3.0135e-13
3.23875e-13
3.29204e-13
2.98365e-13
3.20747e-13
3.26745e-13
3.38212e-13
3.20591e-13
3.31245e-13
3.25084e-13
3.15701e-13
3.34861e-13
3.2096e-13
3.38731e-13
3.5056e-13
3.1076e-13
2.93356e-13
3.22092e-13
3.16813e-13
3.23343e-13
3.32223e-13
3.06124e-13
3.0907e-13
3.13851e-13
2.92453e-13
3.19754e-13
3.2381e-13
3.25203e-13
3.31136e-13
3.31535e-13
3.30946e-13
3.2245e-13
3.46947e-13
3.43265e-13
3.23298e-13
2.80664e-13
3.01819e-13
3.26566e-13
3.30868e-13
3.03489e-13
3.10696e-13
3.06491e-13
3.29989e-13
3.16083e-13
3.23526e-13
2.93067e-13
3.00531e-13
3.37363e-13
3.2465e-13
3.25118e-13
3.33741e-13
3.26387e-13
3.05403e-13
3.16738e-13
3.15076e-13
3.27743e-13
3.34853e-13
3.24108e-13
3.36664e-13
3.22139e-13
3.16495e-13
3.3932e-13
3.45626e-13
3.23345e-13
3.20655e-13
3.28379e-13
3.39703e-13
3.5282e-13
3.50949e-13
3.52742e-13
3.52209e-13
3.6222e-13
3.48565e-13
3.52577e-13
3.36133e-13
3.44426e-13
3.37605e-13
3.31527e-13
3.48428e-13
3.48481e-13
3.37997e-13
3.33341e-13
3.4991e-13
3.41806e-13
3.24197e-13
3.05813e-13
3.15869e-13
3.38106e-13
3.30168e-13
3.54905e-13
3.58563e-13
3.57118e-13
3.45792e-13
3.561e-13
3.43251e-13
3.50276e-13
3.50003e-13
3.39107e-13
3.21155e-13
3.14295e-13
3.19619e-13
3.39255e-13
3.13265e-13
3.26516e-13
3.36621e-13
3.48265e-13
3.49572e-13
3.60887e-13
3.63965e-13
3.55992e-13
3.56476e-13
3.37259e-13
3.3716e-13
3.55984e-13
3.60925e-13
3.63933e-13
3.46407e-13
3.32216e-13
3.02472e-13
3.25536e-13
3.41222e-13
3.4089e-13
3.48622e-13
3.17531e-13
3.3614e-13
3.36774e-13
3.54188e-13
3.58478e-13
3.58313e-13
3.42916e-13
3.17391e-13
3.29184e-13
3.40602e-13
3.54195e-13
3.45122e-13
3.42812e-13
3.24959e-13
3.44493e-13
3.4031e-13
3.29942e-13
3.42015e-13
3.3937e-13
3.27678e-13
3.50735e-13
3.11571e-13
3.24307e-13
3.57246e-13
3.24869e-13
3.60081e-13
3.58092e-13
3.61351e-13
3.6312e-13
3.37163e-13
3.53808e-13
3.57148e-13
3.55232e-13
3.2815e-13
3.25249e-13
3.37052e-13
3.36172e-13
3.15396e-13
3.40274e-13
3.42853e-13
3.21259e-13
3.28533e-13
3.22502e-13
3.40731e-13
3.63738e-13
3.54268e-13
3.6381e-13
3.30468e-13
3.33712e-13
3.29152e-13
3.23135e-13
3.57012e-13
3.65534e-13
3.43925e-13
3.56082e-13
3.54989e-13
3.42916e-13
3.25901e-13
3.53688e-13
3.71814e-13
3.62643e-13
3.86387e-13
3.60682e-13
3.52893e-13
3.63373e-13
3.65042e-13
3.62915e-13
3.83672e-13
3.77445e-13
3.79454e-13
3.50185e-13
3.52639e-13
3.58774e-13
3.65485e-13
3.55269e-13
3.87513e-13
3.64315e-13
3.80906e-13
3.81476e-13
3.647e-13
3.72501e-13
3.77113e-13
3.72725e-13
3.78325e-13
3.73648e-13
3.74923e-13
3.5716e-13
3.65639e-13
3.76376e-13
3.67551e-13
3.59628e-13
3.67037e-13
3.66209e-13
3.72559e-13
3.69356e-13
3.75469e-13
3.82676e-13
3.73126e-13
3.71414e-13
3.92657e-13
3.83612e-13
3.74198e-13
3.73139e-13
3.83997e-13
3.75321e-13
3.82477e-13
3.72362e-13
3.57626e-13
3.788e-13
3.73156e-13
3.55742e-13
3.73759e-13
3.70179e-13
3.54199e-13
3.5975e-13
3.85294e-13
3.72759e-13
3.84966e-13
3.68506e-13
3.91115e-13
4.00987e-13
3.7035e-13
3.70788e-13
3.71896e-13
3.84056e-13
3.90232e-13
3.77572e-13
3.57533e-13
3.71282e-13
3.77366e-13
3.67256e-13
3.8385e-13
3.81175e-13
3.80232e-13
3.8619e-13
3.83307e-13
3.8575e-13
3.74001e-13
3.77101e-13
3.98606e-13
4.07457e-13
4.02408e-13
3.85523e-13
3.93481e-13
4.03322e-13
3.57902e-13
3.79977e-13
3.87652e-13
3.66104e-13
3.6552e-13
3.93096e-13
3.67154e-13
3.57555e-13
3.5546e-13
3.74621e-13
3.79253e-13
4.02536e-13
3.81477e-13
3.85738e-13
4.04403e-13
3.98762e-13
4.08524e-13
4.06474e-13
3.86597e-13
3.96975e-13
3.9763e-13
3.65786e-13
3.70959e-13
3.64853e-13
3.86117e-13
3.79782e-13
3.74077e-13
3.83977e-13
3.905e-13
3.83783e-13
3.85645e-13
3.77739e-13
3.81274e-13
3.89435e-13
4.01523e-13
3.96474e-13
3.90763e-13
3.72303e-13
3.83582e-13
3.69326e-13
3.8579e-13
3.95589e-13
3.93354e-13
4.05972e-13
4.0308e-13
3.87299e-13
3.7135e-13
3.8247e-13
3.86153e-13
3.7726e-13
3.97439e-13
4.06774e-13
3.91376e-13
3.98583e-13
3.84198e-13
4.10541e-13
4.15992e-13
4.05462e-13
3.97989e-13
3.92195e-13
3.84772e-13
3.83899e-13
3.86104e-13
4.01787e-13
3.85523e-13
4.15778e-13
3.76371e-13
3.76218e-13
3.81486e-13
3.95457e-13
3.89091e-13
4.01517e-13
3.93509e-13
4.01275e-13
3.93313e-13
3.90103e-13
4.02095e-13
3.98907e-13
3.91223e-13
3.78109e-13
3.76185e-13
4.03184e-13
4.00465e-13
4.00547e-13
3.67645e-13
3.73586e-13
3.73634e-13
4.05035e-13
4.08448e-13
4.1542e-13
4.15076e-13
4.27196e-13
4.39879e-13
4.02484e-13
3.95134e-13
3.85567e-13
3.97934e-13
4.21546e-13
3.84105e-13
3.86699e-13
3.94921e-13
3.98793e-13
3.96638e-13
3.96463e-13
3.88518e-13
4.01353e-13
4.01711e-13
4.10139e-13
4.19221e-13
4.29253e-13
4.21121e-13
4.23467e-13
4.15087e-13
3.96742e-13
4.03712e-13
4.16158e-13
4.02829e-13
3.97991e-13
4.26952e-13
3.9675e-13
4.05657e-13
4.01256e-13
4.09036e-13
3.92263e-13
4.08216e-13
4.11281e-13
4.25801e-13
4.15288e-13
4.08866e-13
4.00417e-13
4.04713e-13
4.24847e-13
4.07697e-13
4.21555e-13
4.12502e-13
4.03274e-13
4.08823e-13
4.07326e-13
4.17808e-13
4.26079e-13
4.22648e-13
4.04152e-13
3.98593e-13
4.01555e-13
3.99926e-13
4.06069e-13
4.07371e-13
4.22365e-13
4.00859e-13
3.96514e-13
4.07747e-13
3.95259e-13
4.04922e-13
4.11678e-13
4.01982e-13
3.92443e-13
4.0862e-13
4.20906e-13
4.13535e-13
4.21907e-13
3.9081e-13
4.22946e-13
3.89746e-13
3.95415e-13
4.20861e-13
4.16207e-13
4.1592e-13
4.03764e-13
4.29622e-13
4.30848e-13
4.2333e-13
3.91098e-13
4.14048e-13
4.22117e-13
4.27693e-13
4.33173e-13
4.34048e-13
4.33789e-13
4.25064e-13
4.01624e-13
4.16609e-13
4.33342e-13
3.84386e-13
3.83163e-13
4.05698e-13
4.10439e-13
4.06446e-13
4.14825e-13
4.00005e-13
4.19713e-13
4.24268e-13
4.26148e-13
4.20912e-13
4.18508e-13
4.19249e-13
4.2868e-13
4.25792e-13
4.23856e-13
4.08059e-13
4.27816e-13
4.04823e-13
4.14428e-13
4.13467e-13
4.08107e-13
4.22926e-13
4.27356e-13
4.11065e-13
4.04145e-13
4.24016e-13
4.25417e-13
4.21365e-13
4.30897e-13
4.40662e-13
4.38733e-13
4.3367e-13
4.17557e-13
4.20137e-13
4.25935e-13
4.39953e-13
4.19336e-13
4.27775e-13
4.13297e-13
4.22815e-13
4.19009e-13
4.29156e-13
4.05129e-13
4.08549e-13
4.27482e-13
4.36246e-13
4.33577e-13
4.31057e-13
4.20751e-13
4.19287e-13
4.25515e-13
4.10828e-13
4.19149e-13
4.2538e-13
4.40084e-13
4.15664e-13
4.05933e-13
4.05965e-13
4.29328e-13
4.21575e-13
4.3075e-13
4.30503e-13
4.23459e-13
4.43022e-13
4.28289e-13
4.43517e-13
4.40883e-13
4.47681e-13
4.34268e-13
4.07209e-13
4.18845e-13
4.45007e-13
4.22752e-13
4.31565e-13
3.97613e-13
4.10582e-13
4.28185e-13
4.18139e-13
4.30151e-13
4.31413e-13
4.23724e-13
4.32097e-13
4.44055e-13
4.39886e-13
4.58072e-13
4.40445e-13
4.51185e-13
4.47704e-13
4.51805e-13
4.35198e-13
4.38639e-13
4.37839e-13
4.30529e-13
4.28312e-13
4.18156e-13
4.38009e-13
4.55534e-13
4.14282e-13
4.10233e-13
4.0281e-13
4.31626e-13
4.5477e-13
4.44094e-13
4.55701e-13
4.26523e-13
4.21572e-13
4.42615e-13
4.51875e-13
4.33847e-13
4.23053e-13
4.33657e-13
4.34546e-13
4.33175e-13
4.22571e-13
4.3842e-13
4.2769e-13
4.40136e-13
4.41728e-13
4.31659e-13
4.45993e-13
4.52991e-13
4.44048e-13
4.3546e-13
4.41023e-13
4.37077e-13
4.36368e-13
4.44193e-13
4.41325e-13
4.46845e-13
4.27069e-13
4.31596e-13
4.27345e-13
4.23437e-13
4.41949e-13
4.49334e-13
4.12529e-13
4.46939e-13
4.62103e-13
4.32287e-13
4.57745e-13
4.473e-13
4.5625e-13
4.64531e-13
4.54112e-13
4.43399e-13
4.41239e-13
4.33415e-13
4.44712e-13
4.44656e-13
4.30564e-13
4.20267e-13
4.54203e-13
4.43837e-13
4.34262e-13
4.59702e-13
4.44239e-13
4.53266e-13
4.48181e-13
4.55048e-13
4.52137e-13
4.71071e-13
4.73927e-13
4.67225e-13
4.59716e-13
4.64648e-13
4.6854e-13
4.5125e-13
4.4962e-13
4.43891e-13
4.62243e-13
4.47239e-13
4.50512e-13
4.63358e-13
4.42826e-13
4.67014e-13
4.66913e-13
4.66523e-13
4.52103e-13
4.39922e-13
4.57256e-13
4.77921e-13
4.8355e-13
4.73311e-13
4.70934e-13
4.70274e-13
4.70914e-13
4.6505e-13
4.57276e-13
4.48623e-13
4.61238e-13
4.79193e-13
4.70798e-13
4.3921e-13
4.47786e-13
4.36868e-13
4.73094e-13
4.65984e-13
4.71619e-13
4.70019e-13
4.8272e-13
4.75635e-13
4.69437e-13
4.59081e-13
4.73533e-13
4.60105e-13
4.54389e-13
4.56633e-13
4.43218e-13
4.6367e-13
4.4704e-13
4.46915e-13
4.45641e-13
4.46619e-13
4.52037e-13
4.44733e-13
4.50777e-13
4.43234e-13
4.4936e-13
4.5585e-13
4.43094e-13
4.60143e-13
4.40365e-13
4.35118e-13
4.52883e-13
4.50695e-13
4.52847e-13
4.65742e-13
4.21977e-13
4.25211e-13
4.40974e-13
4.49352e-13
4.57607e-13
4.58696e-13
4.24512e-13
4.53845e-13
4.59137e-13
4.58103e-13
4.64355e-13
4.6886e-13
4.76866e-13
4.30682e-13
4.08248e-13
4.20642e-13
4.34503e-13
4.53314e-13
4.41371e-13
4.4421e-13
4.30594e-13
4.34831e-13
4.37717e-13
4.5622e-13
4.54367e-13
4.60994e-13
4.70893e-13
4.38836e-13
4.50835e-13
4.28501e-13
4.45804e-13
4.47044e-13
4.52213e-13
4.55886e-13
4.45299e-13
4.50748e-13
4.4538e-13
4.17793e-13
4.36789e-13
4.27965e-13
4.43243e-13
4.50882e-13
4.72014e-13
4.74754e-13
4.71974e-13
4.71573e-13
4.69198e-13
4.7965e-13
4.79788e-13
4.57761e-13
4.76182e-13
4.62705e-13
4.45358e-13
4.44101e-13
4.40715e-13
4.51633e-13
4.59161e-13
4.24809e-13
4.3749e-13
4.59955e-13
4.56763e-13
4.63324e-13
4.66083e-13
4.59935e-13
4.52906e-13
4.76165e-13
4.85899e-13
4.71807e-13
4.62535e-13
4.63946e-13
4.68927e-13
4.63123e-13
4.53577e-13
4.63774e-13
4.59716e-13
4.51302e-13
4.63992e-13
4.52464e-13
4.62584e-13
4.71003e-13
4.76765e-13
4.71283e-13
4.83382e-13
4.75724e-13
4.69227e-13
4.85232e-13
4.62866e-13
4.81655e-13
4.84385e-13
4.83022e-13
4.84618e-13
4.61533e-13
4.58497e-13
4.7166e-13
4.59424e-13
4.69321e-13
4.52087e-13
4.45137e-13
4.72583e-13
4.7362e-13
4.63677e-13
4.66642e-13
4.87257e-13
4.95139e-13
5.10779e-13
4.9581e-13
4.93904e-13
4.89687e-13
4.72049e-13
4.76887e-13
5.00709e-13
4.85356e-13
4.87684e-13
5.00304e-13
4.76561e-13
4.74754e-13
4.82055e-13
4.77885e-13
4.66387e-13
4.73906e-13
4.79226e-13
4.81547e-13
4.95437e-13
4.79817e-13
5.00389e-13
4.79286e-13
4.70393e-13
4.59478e-13
4.70843e-13
4.72016e-13
4.86493e-13
4.8945e-13
4.81502e-13
4.89071e-13
4.92317e-13
4.78788e-13
4.86493e-13
4.86126e-13
4.94529e-13
4.88752e-13
5.02399e-13
4.94871e-13
4.97795e-13
5.01676e-13
5.04947e-13
5.05511e-13
4.83213e-13
4.81365e-13
4.63343e-13
4.7234e-13
4.73997e-13
4.69036e-13
4.82414e-13
4.64765e-13
4.78111e-13
4.86485e-13
4.90977e-13
4.86175e-13
4.82713e-13
4.74064e-13
4.86772e-13
4.92952e-13
5.0086e-13
4.79262e-13
4.9637e-13
4.8033e-13
4.77065e-13
4.88142e-13
4.70256e-13
4.73993e-13
4.6545e-13
4.72997e-13
4.61522e-13
4.80849e-13
4.86392e-13
4.84464e-13
4.80891e-13
5.01187e-13
4.99261e-13
4.83121e-13
4.81897e-13
4.84336e-13
4.87889e-13
4.73798e-13
4.77481e-13
4.99111e-13
5.02777e-13
4.92262e-13
4.59167e-13
4.82275e-13
4.7386e-13
4.92684e-13
4.60242e-13
4.7858e-13
4.80365e-13
4.84502e-13
4.79762e-13
4.83941e-13
4.8385e-13
5.08527e-13
4.95914e-13
4.90508e-13
4.83155e-13
4.85334e-13
4.98771e-13
4.91147e-13
4.78232e-13
4.79358e-13
4.82494e-13
5.05291e-13
4.95207e-13
4.84107e-13
4.96521e-13
4.93776e-13
4.76443e-13
4.83656e-13
4.92678e-13
5.04512e-13
4.99472e-13
4.92514e-13
4.87305e-13
4.94122e-13
5.05654e-13
4.64782e-13
4.72299e-13
4.81819e-13
4.78904e-13
4.9221e-13
4.85755e-13
4.89932e-13
5.02915e-13
4.97354e-13
4.83963e-13
4.95959e-13
5.00197e-13
5.05532e-13
4.98035e-13
5.05452e-13
5.03076e-13
5.10211e-13
4.99914e-13
4.8092e-13
4.91442e-13
4.94194e-13
4.90783e-13
4.99443e-13
5.16629e-13
5.02723e-13
5.05405e-13
5.18936e-13
4.86429e-13
5.22478e-13
5.1049e-13
5.27397e-13
5.19603e-13
5.07792e-13
5.2727e-13
5.26609e-13
5.25445e-13
4.96867e-13
5.12099e-13
5.141e-13
5.23062e-13
4.96089e-13
5.17661e-13
5.14012e-13
5.18472e-13
5.15545e-13
5.23505e-13
5.09285e-13
5.07767e-13
5.21052e-13
5.32604e-13
5.32845e-13
5.14704e-13
5.11514e-13
5.29243e-13
5.40931e-13
5.17183e-13
5.19344e-13
5.13866e-13
5.15318e-13
5.33486e-13
5.38221e-13
5.39316e-13
5.31236e-13
5.25392e-13
5.12299e-13
5.06845e-13
5.07206e-13
4.975e-13
5.19713e-13
5.04916e-13
5.11324e-13
5.20285e-13
5.16051e-13
5.16592e-13
5.21526e-13
5.28059e-13
5.27395e-13
5.0399e-13
5.07216e-13
5.15943e-13
5.19488e-13
5.1865e-13
5.09179e-13
5.16669e-13
5.16142e-13
5.30851e-13
5.08294e-13
5.0261e-13
5.12789e-13
5.17152e-13
5.25816e-13
5.23073e-13
5.38407e-13
5.40359e-13
5.30551e-13
5.17375e-13
5.29464e-13
5.17837e-13
5.16029e-13
5.11943e-13
5.10392e-13
5.10907e-13
5.04495e-13
5.26816e-13
5.17363e-13
5.20576e-13
5.12034e-13
5.13968e-13
4.94308e-13
5.02141e-13
4.99057e-13
5.28954e-13
5.3731e-13
5.34199e-13
5.27643e-13
5.46782e-13
5.43856e-13
5.28534e-13
5.52375e-13
5.28805e-13
5.3951e-13
5.10159e-13
5.25701e-13
5.17881e-13
5.37896e-13
5.44385e-13
5.37221e-13
5.34365e-13
5.29123e-13
5.3872e-13
5.39018e-13
5.48494e-13
5.4092e-13
5.41216e-13
5.47365e-13
5.31459e-13
5.28715e-13
5.38596e-13
5.2264e-13
5.14089e-13
5.08154e-13
5.26924e-13
5.36575e-13
5.3253e-13
5.30587e-13
5.26947e-13
5.3265e-13
5.55229e-13
5.24375e-13
5.25742e-13
5.32604e-13
5.36725e-13
5.40659e-13
5.60219e-13
5.3636e-13
5.29798e-13
4.96914e-13
5.26978e-13
5.18831e-13
5.3719e-13
5.39688e-13
5.27585e-13
5.48252e-13
5.34473e-13
5.3442e-13
5.53315e-13
5.45122e-13
5.43349e-13
5.45376e-13
5.463e-13
5.53003e-13
5.52705e-13
5.26628e-13
5.41954e-13
5.35875e-13
5.40404e-13
5.31056e-13
5.42905e-13
5.30171e-13
5.41914e-13
5.48006e-13
5.33857e-13
5.25554e-13
5.4382e-13
5.37564e-13
5.39774e-13
5.59656e-13
5.61639e-13
5.60611e-13
5.59858e-13
5.65803e-13
5.47558e-13
5.69879e-13
5.54319e-13
5.46022e-13
5.51784e-13
5.60687e-13
5.55257e-13
5.55784e-13
5.52502e-13
5.37078e-13
5.39009e-13
5.38419e-13
5.36016e-13
5.59132e-13
5.72061e-13
5.55613e-13
5.73401e-13
5.61615e-13
5.66175e-13
5.60821e-13
5.60369e-13
5.63504e-13
5.84519e-13
5.68379e-13
5.52304e-13
5.7415e-13
5.66427e-13
5.60314e-13
5.45977e-13
5.70252e-13
5.57488e-13
5.82485e-13
5.69256e-13
5.80862e-13
5.75791e-13
5.66741e-13
5.86822e-13
5.85605e-13
5.83321e-13
5.78007e-13
5.74199e-13
5.83593e-13
5.66269e-13
5.83551e-13
5.7315e-13
5.70926e-13
5.67482e-13
5.73467e-13
5.58988e-13
5.78741e-13
5.73532e-13
5.68883e-13
5.63629e-13
5.75527e-13
5.91794e-13
6.04433e-13
5.95086e-13
5.79286e-13
5.92091e-13
5.85806e-13
5.73505e-13
5.56224e-13
5.74554e-13
5.70364e-13
5.6295e-13
5.65464e-13
5.80506e-13
5.66643e-13
5.62761e-13
5.88805e-13
5.64233e-13
5.82592e-13
5.87782e-13
6.08814e-13
6.05577e-13
6.19905e-13
5.7675e-13
5.877e-13
5.77705e-13
5.82557e-13
5.82723e-13
5.98932e-13
5.80785e-13
5.94146e-13
5.89521e-13
5.90293e-13
5.93405e-13
5.9772e-13
6.03688e-13
5.76177e-13
5.79012e-13
5.88831e-13
5.96045e-13
6.02724e-13
5.8728e-13
5.79784e-13
5.92144e-13
5.81063e-13
5.8505e-13
5.96074e-13
5.99012e-13
6.05594e-13
6.06424e-13
5.6631e-13
5.94729e-13
5.84045e-13
5.95399e-13
6.03255e-13
6.19425e-13
6.27952e-13
6.14224e-13
6.13556e-13
5.89478e-13
6.20919e-13
5.9535e-13
6.09497e-13
6.1101e-13
6.06461e-13
6.14476e-13
6.09475e-13
5.85769e-13
6.07094e-13
6.20469e-13
5.93436e-13
6.06951e-13
6.01616e-13
6.16767e-13
6.2147e-13
6.0919e-13
6.07915e-13
6.19232e-13
5.98675e-13
6.11828e-13
6.0635e-13
6.21416e-13
6.26161e-13
6.27832e-13
6.21398e-13
6.09712e-13
6.27521e-13
6.1769e-13
6.31399e-13
6.09901e-13
6.14779e-13
6.20011e-13
6.23947e-13
6.11192e-13
6.23738e-13
6.07898e-13
6.27104e-13
6.35206e-13
6.28724e-13
6.1773e-13
6.36654e-13
6.11812e-13
6.16741e-13
6.03564e-13
5.99533e-13
6.30792e-13
6.21302e-13
6.10594e-13
6.34642e-13
6.22784e-13
6.12946e-13
6.29359e-13
6.3523e-13
6.40031e-13
6.35652e-13
6.31758e-13
6.56363e-13
6.39766e-13
6.23994e-13
6.45293e-13
6.35576e-13
6.26242e-13
6.27901e-13
6.32189e-13
6.26936e-13
6.28462e-13
6.30863e-13
6.35779e-13
6.29297e-13
6.22999e-13
6.18382e-13
6.37134e-13
6.30113e-13
6.38113e-13
6.27149e-13
6.28613e-13
6.41446e-13
6.46737e-13
6.33693e-13
6.33892e-13
6.37005e-13
6.40114e-13
6.31088e-13
6.18173e-13
6.10196e-13
6.28936e-13
6.29424e-13
6.24652e-13
6.14566e-13
6.17955e-13
6.60115e-13
6.59435e-13
6.40054e-13
6.11071e-13
6.36972e-13
6.34453e-13
6.55143e-13
6.51922e-13
6.46867e-13
6.52236e-13
6.28718e-13
6.33463e-13
6.31225e-13
6.34372e-13
6.51576e-13
6.44835e-13
6.29483e-13
6.52825e-13
6.53366e-13
6.47413e-13
6.60772e-13
6.52814e-13
6.59471e-13
6.46625e-13
6.62456e-13
6.57798e-13
6.41465e-13
6.31996e-13
6.44669e-13
6.49946e-13
6.42625e-13
6.42457e-13
6.30879e-13
6.21974e-13
6.39262e-13
6.34127e-13
6.27352e-13
6.16957e-13
6.31919e-13
6.36051e-13
6.38309e-13
6.43429e-13
6.44801e-13
6.44252e-13
6.57062e-13
6.55231e-13
6.54836e-13
6.41193e-13
6.45563e-13
6.28421e-13
6.48208e-13
6.50425e-13
6.45625e-13
6.38216e-13
6.29144e-13
6.43073e-13
6.52537e-13
6.47316e-13
6.54946e-13
6.60457e-13
6.76529e-13
6.81976e-13
6.72904e-13
6.72658e-13
6.83193e-13
6.69587e-13
6.49066e-13
6.49605e-13
6.5879e-13
6.47421e-13
6.46434e-13
6.78006e-13
6.57749e-13
6.61686e-13
6.68546e-13
6.56304e-13
6.42948e-13
6.36609e-13
6.39919e-13
6.60199e-13
6.63595e-13
6.62477e-13
6.64128e-13
6.78802e-13
6.79222e-13
6.66368e-13
6.82615e-13
6.73205e-13
6.62621e-13
6.62787e-13
6.58241e-13
6.5139e-13
6.68493e-13
6.70121e-13
6.57025e-13
6.50439e-13
6.51328e-13
6.70218e-13
6.7401e-13
6.87933e-13
6.62438e-13
6.75258e-13
6.87911e-13
6.89091e-13
6.71586e-13
6.96192e-13
6.81486e-13
6.75699e-13
6.78168e-13
6.74916e-13
6.85008e-13
6.74509e-13
6.86273e-13
6.80555e-13
6.59201e-13
6.62276e-13
6.89934e-13
6.636e-13
6.72661e-13
6.73033e-13
6.74194e-13
6.89716e-13
7.03504e-13
6.88338e-13
6.98929e-13
6.72763e-13
6.6342e-13
6.56684e-13
6.68391e-13
6.68146e-13
6.7066e-13
6.74542e-13
6.84894e-13
6.77092e-13
6.74244e-13
6.76254e-13
6.83571e-13
6.85802e-13
7.00904e-13
6.92826e-13
6.68322e-13
6.83748e-13
6.82903e-13
6.84027e-13
6.8722e-13
6.73124e-13
6.81963e-13
6.65037e-13
6.74402e-13
6.75318e-13
6.73072e-13
6.86384e-13
6.91555e-13
6.93673e-13
6.91268e-13
6.88187e-13
6.81833e-13
6.54606e-13
6.70453e-13
6.72952e-13
7.05224e-13
6.90672e-13
6.75661e-13
6.79523e-13
6.82445e-13
6.83576e-13
7.03044e-13
6.99716e-13
6.94967e-13
6.86867e-13
6.80657e-13
6.7435e-13
6.87066e-13
6.72291e-13
6.88768e-13
6.74127e-13
6.78004e-13
6.94328e-13
6.64747e-13
6.82458e-13
6.84694e-13
7.06932e-13
6.87621e-13
7.00993e-13
7.07201e-13
6.84167e-13
6.83853e-13
6.91695e-13
6.97638e-13
6.93709e-13
6.95343e-13
6.92535e-13
7.0319e-13
6.95236e-13
6.80183e-13
7.19448e-13
7.01579e-13
7.06159e-13
7.08718e-13
6.89255e-13
7.05912e-13
6.83742e-13
7.09436e-13
6.98302e-13
6.96695e-13
6.67604e-13
6.85875e-13
6.89604e-13
7.01208e-13
6.89922e-13
6.85738e-13
6.91593e-13
6.97018e-13
7.03119e-13
7.26607e-13
7.07369e-13
7.04792e-13
7.02818e-13
7.13614e-13
7.02571e-13
7.1008e-13
6.8575e-13
6.8884e-13
6.9929e-13
7.23726e-13
7.00293e-13
7.04896e-13
7.11085e-13
7.03802e-13
6.83949e-13
6.90784e-13
6.82611e-13
6.91753e-13
7.06105e-13
7.0052e-13
7.19175e-13
7.15726e-13
7.3138e-13
7.20808e-13
7.19231e-13
6.96521e-13
7.04354e-13
7.07733e-13
7.07202e-13
7.05115e-13
7.08828e-13
7.06666e-13
7.213e-13
7.06843e-13
7.05668e-13
6.99166e-13
6.98396e-13
6.9377e-13
7.00927e-13
7.04972e-13
7.34083e-13
7.37887e-13
6.96977e-13
6.97506e-13
7.09819e-13
6.83443e-13
6.89351e-13
7.03155e-13
7.14275e-13
7.12754e-13
6.96496e-13
7.18939e-13
7.00938e-13
7.0112e-13
6.99623e-13
7.10694e-13
7.02724e-13
7.2133e-13
7.16923e-13
7.28452e-13
7.24973e-13
7.32238e-13
7.19337e-13
7.11401e-13
7.14114e-13
7.32893e-13
7.30593e-13
7.10777e-13
7.14671e-13
7.09475e-13
6.85268e-13
7.02926e-13
7.00993e-13
7.10357e-13
7.07367e-13
7.16105e-13
7.16145e-13
7.16925e-13
7.25928e-13
7.35041e-13
7.42758e-13
7.16527e-13
7.33379e-13
7.14411e-13
7.30168e-13
7.06261e-13
6.98725e-13
6.93941e-13
6.94742e-13
7.17924e-13
7.16674e-13
6.72034e-13
6.96762e-13
7.2218e-13
6.9403e-13
7.14619e-13
7.44146e-13
7.16007e-13
7.08236e-13
7.07852e-13
7.02508e-13
7.24603e-13
7.24841e-13
7.12224e-13
6.97988e-13
6.88974e-13
6.95829e-13
6.98831e-13
7.05837e-13
6.99028e-13
6.89022e-13
7.10371e-13
7.0628e-13
7.22218e-13
7.11704e-13
7.24211e-13
7.30908e-13
7.22655e-13
7.19248e-13
7.2277e-13
7.24703e-13
7.30469e-13
7.32955e-13
7.318e-13
7.26212e-13
7.17742e-13
7.09381e-13
7.06973e-13
7.06412e-13
7.21226e-13
6.95823e-13
7.04012e-13
7.22076e-13
7.32578e-13
7.20112e-13
7.34261e-13
7.30362e-13
7.48153e-13
7.5761e-13
7.44011e-13
7.28458e-13
7.24616e-13
7.38217e-13
7.19222e-13
7.37927e-13
7.17421e-13
7.12364e-13
7.24277e-13
7.39169e-13
7.27993e-13
7.3129e-13
7.32832e-13
7.39573e-13
7.259e-13
7.25869e-13
7.35375e-13
7.37246e-13
7.43278e-13
7.48425e-13
7.59945e-13
7.44624e-13
7.60312e-13
7.50095e-13
7.61138e-13
7.55623e-13
7.35367e-13
7.27987e-13
7.47582e-13
7.38213e-13
7.46298e-13
7.40843e-13
7.49064e-13
7.41584e-13
7.25473e-13
7.41367e-13
7.59746e-13
7.34171e-13
7.36233e-13
7.2623e-13
7.39828e-13
7.32445e-13
7.54907e-13
7.36869e-13
7.47208e-13
7.44356e-13
7.56598e-13
7.54325e-13
7.41598e-13
7.46439e-13
7.0221e-13
7.0761e-13
7.2596e-13
7.45492e-13
7.41712e-13
7.13314e-13
7.16138e-13
7.39605e-13
7.46411e-13
7.55668e-13
7.58788e-13
7.57667e-13
7.26932e-13
7.30267e-13
7.45008e-13
7.34717e-13
7.41843e-13
7.23161e-13
7.39726e-13
7.50111e-13
7.33127e-13
7.46745e-13
7.21893e-13
7.46214e-13
7.31349e-13
7.39508e-13
7.2257e-13
7.1604e-13
7.33182e-13
7.4212e-13
7.7085e-13
7.64758e-13
7.3789e-13
7.47116e-13
7.47007e-13
7.55937e-13
7.40368e-13
7.49607e-13
7.47733e-13
7.30616e-13
7.31699e-13
7.222e-13
7.16485e-13
7.30539e-13
7.53603e-13
7.30419e-13
7.38221e-13
7.40524e-13
7.60984e-13
7.53303e-13
7.27297e-13
7.40207e-13
7.55477e-13
7.53825e-13
7.45628e-13
7.49427e-13
7.4392e-13
7.4428e-13
7.34375e-13
7.48222e-13
7.31789e-13
7.37211e-13
7.46736e-13
7.28764e-13
7.49331e-13
7.48401e-13
7.51787e-13
7.48758e-13
7.69418e-13
7.61925e-13
7.51214e-13
7.44156e-13
7.5325e-13
7.49537e-13
7.4843e-13
7.52219e-13
7.3387e-13
7.52065e-13
7.49224e-13
7.51971e-13
7.57502e-13
7.53968e-13
7.44454e-13
7.46542e-13
7.50317e-13
7.42781e-13
7.69293e-13
7.70167e-13
7.5107e-13
7.72767e-13
7.39947e-13
7.38605e-13
7.33676e-13
7.54666e-13
7.30969e-13
7.11849e-13
2.54558e-12
2.55207e-12
2.49768e-12
2.49822e-12
2.50871e-12
2.52814e-12
2.51558e-12
2.48841e-12
2.50699e-12
2.52561e-12
2.5299e-12
2.5239e-12
2.53989e-12
2.54607e-12
2.54376e-12
2.52622e-12
2.55773e-12
2.54476e-12
2.54686e-12
2.53799e-12
2.55222e-12
2.56099e-12
2.56131e-12
2.57169e-12
2.5636e-12
2.56553e-12
2.555e-12
2.5612e-12
2.55777e-12
2.54868e-12
2.53121e-12
2.53777e-12
2.53855e-12
2.55238e-12
2.56663e-12
2.54794e-12
2.52933e-12
2.5259e-12
2.54654e-12
2.54414e-12
2.55317e-12
2.54658e-12
2.58342e-12
2.56101e-12
2.53075e-12
2.5225e-12
2.53015e-12
2.52632e-12
2.53474e-12
2.53443e-12
2.55642e-12
2.54385e-12
2.55871e-12
2.52748e-12
2.55124e-12
2.56888e-12
2.57793e-12
2.55341e-12
2.54568e-12
2.5593e-12
2.55808e-12
2.53679e-12
2.55226e-12
2.56308e-12
2.57659e-12
2.55025e-12
2.50856e-12
2.51441e-12
2.54158e-12
2.54963e-12
2.55307e-12
2.56193e-12
2.56438e-12
2.56479e-12
2.5687e-12
2.56021e-12
2.55867e-12
2.58823e-12
2.57793e-12
2.56183e-12
2.57481e-12
2.56853e-12
2.55869e-12
2.56515e-12
2.5606e-12
2.55963e-12
2.56531e-12
2.56588e-12
2.53736e-12
2.57519e-12
2.57156e-12
2.58062e-12
2.58402e-12
2.59093e-12
2.58811e-12
2.59558e-12
2.57272e-12
2.58743e-12
2.58109e-12
2.56233e-12
2.56379e-12
2.56158e-12
2.56673e-12
2.57291e-12
2.56315e-12
2.57521e-12
2.5959e-12
2.58122e-12
2.58038e-12
2.58981e-12
2.58448e-12
2.57046e-12
2.57148e-12
2.57211e-12
2.5622e-12
2.55383e-12
2.58274e-12
2.5781e-12
2.58586e-12
2.5635e-12
2.57309e-12
2.58036e-12
2.57952e-12
2.57506e-12
2.59298e-12
2.56322e-12
2.57294e-12
2.56124e-12
2.55878e-12
2.57654e-12
2.57604e-12
2.55352e-12
2.56743e-12
2.55581e-12
2.56534e-12
2.57632e-12
2.55844e-12
2.54311e-12
2.565e-12
2.5781e-12
2.58629e-12
2.57398e-12
2.58097e-12
2.57145e-12
2.56933e-12
2.54057e-12
2.57202e-12
2.58671e-12
2.57445e-12
2.57239e-12
2.57952e-12
2.55992e-12
2.54437e-12
2.54758e-12
2.55876e-12
2.58388e-12
2.6054e-12
2.57076e-12
2.53824e-12
2.53841e-12
2.56179e-12
2.59264e-12
2.57133e-12
2.57868e-12
2.58714e-12
2.54867e-12
2.53745e-12
2.54746e-12
2.55155e-12
2.56888e-12
2.55814e-12
2.58347e-12
2.59314e-12
2.53909e-12
2.56064e-12
2.57552e-12
2.57336e-12
2.56381e-12
2.55416e-12
2.57261e-12
2.55074e-12
2.58803e-12
2.57457e-12
2.57719e-12
2.59043e-12
2.55188e-12
2.56326e-12
2.57149e-12
2.57887e-12
2.57671e-12
2.5854e-12
2.59657e-12
2.59929e-12
2.59839e-12
2.57845e-12
2.59395e-12
2.58267e-12
2.58896e-12
2.59246e-12
2.61395e-12
2.61762e-12
2.58139e-12
2.57582e-12
2.57859e-12
2.57852e-12
2.58568e-12
2.61142e-12
2.61002e-12
2.61043e-12
2.61457e-12
2.61967e-12
2.62724e-12
2.61675e-12
2.61817e-12
2.60281e-12
2.58356e-12
2.56358e-12
2.56665e-12
2.57395e-12
2.58937e-12
2.60955e-12
2.61431e-12
2.61168e-12
2.6245e-12
2.62297e-12
2.60603e-12
2.62604e-12
2.61507e-12
2.62002e-12
2.60945e-12
2.59395e-12
2.60215e-12
2.59706e-12
2.59924e-12
2.60189e-12
2.60766e-12
2.60637e-12
2.61225e-12
2.6139e-12
2.61223e-12
2.59027e-12
2.60105e-12
2.61541e-12
2.61417e-12
2.63762e-12
2.59467e-12
2.60381e-12
2.60786e-12
2.62057e-12
2.64061e-12
2.6131e-12
2.6186e-12
2.62214e-12
2.63556e-12
2.61368e-12
2.6223e-12
2.63147e-12
2.61315e-12
2.59223e-12
2.63442e-12
2.62143e-12
2.63716e-12
2.62809e-12
2.63078e-12
2.6137e-12
2.614e-12
2.61289e-12
2.61875e-12
2.59672e-12
2.59461e-12
2.6119e-12
2.59941e-12
2.60474e-12
2.56429e-12
2.58301e-12
2.58349e-12
2.60407e-12
2.60429e-12
2.6217e-12
2.61141e-12
2.62139e-12
2.60303e-12
2.58495e-12
2.60103e-12
2.59616e-12
2.61226e-12
2.57398e-12
2.58292e-12
2.5992e-12
2.596e-12
2.61876e-12
2.62281e-12
2.61107e-12
2.6166e-12
2.60763e-12
2.60854e-12
2.62025e-12
2.60267e-12
2.622e-12
2.59967e-12
2.54691e-12
2.54147e-12
2.5634e-12
2.58062e-12
2.59362e-12
2.58959e-12
2.57895e-12
2.55813e-12
2.58319e-12
2.58246e-12
2.60443e-12
2.613e-12
2.59793e-12
2.59664e-12
2.59699e-12
2.59209e-12
2.62044e-12
2.62479e-12
2.59305e-12
2.55064e-12
2.57214e-12
2.57677e-12
2.58308e-12
2.57362e-12
2.56035e-12
2.57663e-12
2.57976e-12
2.5946e-12
2.61938e-12
2.61382e-12
2.62389e-12
2.60933e-12
2.60654e-12
2.56548e-12
2.5717e-12
2.59314e-12
2.5866e-12
2.60615e-12
2.60767e-12
2.59679e-12
2.62236e-12
2.60799e-12
2.62918e-12
2.63494e-12
2.62247e-12
2.61769e-12
2.63035e-12
2.62021e-12
2.63072e-12
2.63184e-12
2.60311e-12
2.63462e-12
2.62349e-12
2.59035e-12
2.62341e-12
2.63015e-12
2.61751e-12
2.62618e-12
2.62046e-12
2.62778e-12
2.60589e-12
2.62154e-12
2.60534e-12
2.58207e-12
2.58735e-12
2.586e-12
2.59847e-12
2.61699e-12
2.59755e-12
2.60442e-12
2.60658e-12
2.62167e-12
2.60863e-12
2.60898e-12
2.61341e-12
2.61198e-12
2.61743e-12
2.62422e-12
2.63054e-12
2.63252e-12
2.63289e-12
2.61218e-12
2.62249e-12
2.59411e-12
2.6023e-12
2.6099e-12
2.60733e-12
2.60548e-12
2.57261e-12
2.58696e-12
2.61353e-12
2.62681e-12
2.63014e-12
2.60112e-12
2.62154e-12
2.61473e-12
2.56926e-12
2.57888e-12
2.59011e-12
2.59937e-12
2.61881e-12
2.62237e-12
2.64935e-12
2.6191e-12
2.58831e-12
2.58823e-12
2.59942e-12
2.6186e-12
2.56809e-12
2.56024e-12
2.58511e-12
2.59487e-12
2.5955e-12
2.60891e-12
2.59559e-12
2.57385e-12
2.57538e-12
2.59897e-12
2.60742e-12
2.597e-12
2.59664e-12
2.60707e-12
2.60907e-12
2.58973e-12
2.5868e-12
2.59953e-12
2.6057e-12
2.61893e-12
2.62534e-12
2.58834e-12
2.60618e-12
2.60449e-12
2.62247e-12
2.64857e-12
2.6576e-12
2.6366e-12
2.63666e-12
2.64725e-12
2.65749e-12
2.65005e-12
2.61176e-12
2.62973e-12
2.6137e-12
2.65669e-12
2.64426e-12
2.63929e-12
2.61563e-12
2.57656e-12
2.59814e-12
2.61286e-12
2.61268e-12
2.63622e-12
2.62057e-12
2.6136e-12
2.62507e-12
2.62246e-12
2.63927e-12
2.64411e-12
2.63e-12
2.62699e-12
2.61743e-12
2.61503e-12
2.63001e-12
2.62882e-12
2.6073e-12
2.6213e-12
2.62209e-12
2.62602e-12
2.62235e-12
2.63677e-12
2.63709e-12
2.6245e-12
2.62429e-12
2.63006e-12
2.63124e-12
2.59306e-12
2.59416e-12
2.60697e-12
2.61736e-12
2.61705e-12
2.62315e-12
2.6344e-12
2.61386e-12
2.61391e-12
2.61688e-12
2.63441e-12
2.62192e-12
2.60931e-12
2.60877e-12
2.62234e-12
2.62914e-12
2.62548e-12
2.62371e-12
2.62538e-12
2.62319e-12
2.62302e-12
2.61639e-12
2.61525e-12
2.61478e-12
2.60529e-12
2.59612e-12
2.61973e-12
2.61691e-12
2.64401e-12
2.61822e-12
2.60518e-12
2.62676e-12
2.60052e-12
2.60129e-12
2.60239e-12
2.62289e-12
2.57673e-12
2.58964e-12
2.58429e-12
2.58646e-12
2.61258e-12
2.59289e-12
2.60076e-12
2.60671e-12
2.60997e-12
2.57643e-12
2.5602e-12
2.56567e-12
2.57596e-12
2.58115e-12
2.58571e-12
2.57988e-12
2.59422e-12
2.59643e-12
2.59959e-12
2.59538e-12
2.588e-12
2.60401e-12
2.60588e-12
2.61145e-12
2.6095e-12
2.58681e-12
2.5911e-12
2.57643e-12
2.61316e-12
2.61816e-12
2.58641e-12
2.59916e-12
2.5989e-12
2.56239e-12
2.5944e-12
2.58416e-12
2.59136e-12
2.59038e-12
2.56747e-12
2.53698e-12
2.57464e-12
2.57969e-12
2.58719e-12
2.60417e-12
2.57827e-12
2.58545e-12
2.59547e-12
2.5958e-12
2.59904e-12
2.60773e-12
2.60257e-12
2.604e-12
2.57276e-12
2.56537e-12
2.604e-12
2.60112e-12
2.59693e-12
2.60473e-12
2.60511e-12
2.59841e-12
2.6328e-12
2.62506e-12
2.62075e-12
2.6285e-12
2.60776e-12
2.60281e-12
2.58963e-12
2.55182e-12
2.5579e-12
2.57085e-12
2.604e-12
2.59524e-12
2.60772e-12
2.60761e-12
2.62265e-12
2.60586e-12
2.61103e-12
2.61938e-12
2.61609e-12
2.6265e-12
2.62767e-12
2.63163e-12
2.60437e-12
2.60314e-12
2.61053e-12
2.60695e-12
2.57535e-12
2.54869e-12
2.56336e-12
2.58186e-12
2.59467e-12
2.60346e-12
2.58719e-12
2.60069e-12
2.60849e-12
2.57945e-12
2.55598e-12
2.5752e-12
2.59453e-12
2.61629e-12
2.61306e-12
2.59447e-12
2.59761e-12
2.60405e-12
2.57103e-12
2.60229e-12
2.61153e-12
2.58153e-12
2.56544e-12
2.5916e-12
2.60673e-12
2.60299e-12
2.57844e-12
2.55107e-12
2.55836e-12
2.58426e-12
2.58649e-12
2.58992e-12
2.57583e-12
2.59724e-12
2.61759e-12
2.56801e-12
2.58775e-12
2.59222e-12
2.5842e-12
2.58862e-12
2.57639e-12
2.59147e-12
2.58982e-12
2.60784e-12
2.59987e-12
2.57973e-12
2.56736e-12
2.57476e-12
2.60168e-12
2.60566e-12
2.58382e-12
2.55864e-12
2.59073e-12
2.606e-12
2.59374e-12
2.59143e-12
2.54906e-12
2.56589e-12
2.58416e-12
2.60227e-12
2.60207e-12
2.5902e-12
2.59055e-12
2.57633e-12
2.56425e-12
2.59155e-12
2.58257e-12
2.59737e-12
2.58855e-12
2.6069e-12
2.61196e-12
2.59954e-12
2.60027e-12
2.59622e-12
2.54295e-12
2.54497e-12
2.56537e-12
2.575e-12
2.59182e-12
2.56593e-12
2.58501e-12
2.56394e-12
2.58729e-12
2.5729e-12
2.57943e-12
2.58418e-12
2.58106e-12
2.57291e-12
2.56815e-12
2.55361e-12
2.56955e-12
2.55725e-12
2.54427e-12
2.55169e-12
2.56754e-12
2.58503e-12
2.60006e-12
2.55793e-12
2.57584e-12
2.60922e-12
2.58875e-12
2.60461e-12
2.59439e-12
2.59595e-12
2.61648e-12
2.57758e-12
2.57542e-12
2.58011e-12
2.59817e-12
2.61733e-12
2.59095e-12
2.57797e-12
2.58849e-12
2.58062e-12
2.59317e-12
2.60432e-12
2.61689e-12
2.61445e-12
2.57168e-12
2.57775e-12
2.57719e-12
2.59126e-12
2.59944e-12
2.59969e-12
2.60063e-12
2.61181e-12
2.61006e-12
2.57282e-12
2.58712e-12
2.59261e-12
2.5965e-12
2.59362e-12
2.59665e-12
2.59311e-12
2.60296e-12
2.62923e-12
2.61553e-12
2.61631e-12
2.5868e-12
2.55821e-12
2.56236e-12
2.56665e-12
2.57975e-12
2.59692e-12
2.61379e-12
2.61662e-12
2.62039e-12
2.6052e-12
2.64285e-12
2.62489e-12
2.61687e-12
2.60203e-12
2.59547e-12
2.60352e-12
2.60965e-12
2.58138e-12
2.57412e-12
2.60973e-12
2.61764e-12
2.61002e-12
2.59734e-12
2.61703e-12
2.6111e-12
2.60222e-12
2.59975e-12
2.61469e-12
2.61671e-12
2.60774e-12
2.60034e-12
2.62752e-12
2.62243e-12
2.63361e-12
2.63448e-12
2.6222e-12
2.62426e-12
2.61065e-12
2.62337e-12
2.60255e-12
2.59682e-12
2.59524e-12
2.60121e-12
2.61472e-12
2.61152e-12
2.6153e-12
2.62863e-12
2.61264e-12
2.63802e-12
2.6249e-12
2.61794e-12
2.61418e-12
2.63056e-12
2.60129e-12
2.60196e-12
2.61273e-12
2.5781e-12
2.59539e-12
2.62902e-12
2.61942e-12
2.63082e-12
2.6287e-12
2.6238e-12
2.63178e-12
2.63121e-12
2.62555e-12
2.62712e-12
2.63139e-12
2.61253e-12
2.63287e-12
2.62193e-12
2.62737e-12
2.60323e-12
2.61023e-12
2.61685e-12
2.61535e-12
2.6331e-12
2.64655e-12
2.62993e-12
2.64552e-12
2.63677e-12
2.63749e-12
2.63559e-12
2.64578e-12
2.64833e-12
2.64792e-12
2.63772e-12
2.6199e-12
2.65844e-12
2.64721e-12
2.60661e-12
2.61556e-12
2.63099e-12
2.64687e-12
2.64269e-12
2.6495e-12
2.65975e-12
2.6486e-12
2.66044e-12
2.65951e-12
2.65217e-12
2.64844e-12
2.62304e-12
2.65673e-12
2.65113e-12
2.67576e-12
2.60673e-12
2.60288e-12
2.62091e-12
2.62282e-12
2.64146e-12
2.62328e-12
2.62433e-12
2.63811e-12
2.64812e-12
2.64468e-12
2.61119e-12
2.64745e-12
2.63131e-12
2.62908e-12
2.62842e-12
2.64111e-12
2.66625e-12
2.66366e-12
2.6206e-12
2.62117e-12
2.60488e-12
2.60542e-12
2.61358e-12
2.62756e-12
2.64658e-12
2.62242e-12
2.62452e-12
2.62853e-12
2.66609e-12
2.65608e-12
2.63299e-12
2.62653e-12
2.64096e-12
2.65897e-12
2.6506e-12
2.65552e-12
2.66169e-12
2.66785e-12
2.66536e-12
2.63049e-12
2.63416e-12
2.66318e-12
2.64051e-12
2.66464e-12
2.66528e-12
2.63612e-12
2.65368e-12
2.66065e-12
2.67742e-12
2.66418e-12
2.65599e-12
2.64419e-12
2.65843e-12
2.649e-12
2.63437e-12
2.65191e-12
2.65474e-12
2.65865e-12
2.64844e-12
2.70226e-12
2.68687e-12
2.69843e-12
2.69488e-12
2.69263e-12
2.70323e-12
2.69298e-12
2.71012e-12
2.68163e-12
2.67377e-12
2.64579e-12
2.67589e-12
2.68528e-12
2.69949e-12
2.70459e-12
2.69992e-12
2.69771e-12
2.7087e-12
2.68158e-12
2.67999e-12
2.65242e-12
2.61695e-12
2.63103e-12
2.65854e-12
2.66998e-12
2.68241e-12
2.6813e-12
2.68195e-12
2.66249e-12
2.64355e-12
2.66736e-12
2.66672e-12
2.67876e-12
2.67158e-12
2.69484e-12
2.66145e-12
2.67321e-12
2.69288e-12
2.71193e-12
2.66587e-12
2.62613e-12
2.65332e-12
2.66897e-12
2.67272e-12
2.66166e-12
2.64156e-12
2.6477e-12
2.64708e-12
2.64833e-12
2.68777e-12
2.66831e-12
2.66397e-12
2.69053e-12
2.69375e-12
2.69429e-12
2.69563e-12
2.68901e-12
2.72073e-12
2.70544e-12
2.69983e-12
2.71189e-12
2.65366e-12
2.65941e-12
2.6808e-12
2.6885e-12
2.69615e-12
2.70435e-12
2.71062e-12
2.69891e-12
2.68734e-12
2.70067e-12
2.71114e-12
2.71046e-12
2.69426e-12
2.6798e-12
2.69565e-12
2.71249e-12
2.68876e-12
2.71178e-12
2.73753e-12
2.71517e-12
2.7118e-12
2.69518e-12
2.73002e-12
2.73068e-12
2.72898e-12
2.73323e-12
2.73925e-12
2.72308e-12
2.71344e-12
2.73229e-12
2.73045e-12
2.70107e-12
2.71469e-12
2.71935e-12
2.73596e-12
2.73646e-12
2.72873e-12
2.75269e-12
2.71721e-12
2.73959e-12
2.74886e-12
2.75264e-12
2.6696e-12
2.69855e-12
2.7011e-12
2.70989e-12
2.72606e-12
2.73385e-12
2.74798e-12
2.74314e-12
2.73545e-12
2.69983e-12
2.69604e-12
2.71844e-12
2.7284e-12
2.75354e-12
2.74915e-12
2.74706e-12
2.75985e-12
2.7565e-12
2.77106e-12
2.78736e-12
2.78665e-12
2.75227e-12
2.71509e-12
2.70311e-12
2.69456e-12
2.71979e-12
2.71594e-12
2.75533e-12
2.75174e-12
2.74633e-12
2.75234e-12
2.75102e-12
2.75879e-12
2.77272e-12
2.76983e-12
2.77268e-12
2.77023e-12
2.75878e-12
2.74839e-12
2.72383e-12
2.72316e-12
2.73987e-12
2.73317e-12
2.72667e-12
2.78829e-12
2.74064e-12
2.70861e-12
2.74291e-12
2.74142e-12
2.76375e-12
2.77275e-12
2.74346e-12
2.74951e-12
2.78591e-12
2.77948e-12
2.78355e-12
2.75819e-12
2.77811e-12
2.79059e-12
2.77094e-12
2.77342e-12
2.77841e-12
2.77866e-12
2.78402e-12
2.78488e-12
2.78774e-12
2.7964e-12
2.7934e-12
2.7852e-12
2.75839e-12
2.7541e-12
2.78164e-12
2.72727e-12
2.72509e-12
2.76186e-12
2.75519e-12
2.77095e-12
2.7763e-12
2.75652e-12
2.76781e-12
2.73167e-12
2.73763e-12
2.75033e-12
2.74659e-12
2.74768e-12
2.74835e-12
2.77223e-12
2.75797e-12
2.7456e-12
2.76471e-12
2.76126e-12
2.77335e-12
2.77141e-12
2.76536e-12
2.70049e-12
2.7181e-12
2.73084e-12
2.7376e-12
2.73441e-12
2.7808e-12
2.74483e-12
2.70283e-12
2.72376e-12
2.74091e-12
2.74002e-12
2.71109e-12
2.73822e-12
2.70843e-12
2.70955e-12
2.70534e-12
2.70265e-12
2.74779e-12
2.70642e-12
2.70155e-12
2.72171e-12
2.70156e-12
2.73524e-12
2.73852e-12
2.73205e-12
2.74305e-12
2.75507e-12
2.76572e-12
2.76477e-12
2.76482e-12
2.75844e-12
2.74497e-12
2.70045e-12
2.7159e-12
2.72343e-12
2.73524e-12
2.74622e-12
2.75711e-12
2.77019e-12
2.77018e-12
2.71784e-12
2.70516e-12
2.72168e-12
2.75283e-12
2.73256e-12
2.72965e-12
2.7088e-12
2.71441e-12
2.71181e-12
2.73692e-12
2.7375e-12
2.74611e-12
2.73068e-12
2.76302e-12
2.72688e-12
2.75204e-12
2.84411e-12
2.81737e-12
2.82907e-12
2.83508e-12
2.81231e-12
2.84174e-12
2.83733e-12
2.84838e-12
2.79471e-12
2.8006e-12
2.82501e-12
